# 開始局面: 3手目までの合法局面 321個(対称で同一視)のうち、150ms読みの評価が±120以内の 321個から 50個を固定の乱数(20261008)で選んだもの
# 1行1局面: 棒番号を空白区切り / 末尾の # は4手目の手番から見た評価
0 0 5 # -10.6
0 1 4 # -35.8
0 1 13 # -32.3
0 2 0 # -43.9
0 2 4 # -32.8
0 2 5 # -24.0
0 2 7 # -46.9
0 2 9 # -25.4
0 2 14 # -32.7
0 3 0 # -13.7
0 3 3 # -19.9
0 3 6 # -9.4
0 5 5 # -60.4
0 5 6 # -31.7
0 5 15 # -42.4
0 6 12 # -61.1
0 10 2 # -21.2
0 10 10 # -61.2
0 11 6 # -34.0
0 11 8 # -35.2
0 11 11 # -35.2
0 15 6 # 0.3
0 15 7 # -15.2
1 0 2 # 15.6
1 1 4 # -1.4
1 1 7 # -14.5
1 1 9 # -18.9
1 1 10 # -4.4
1 1 11 # -3.0
1 2 5 # -20.4
1 2 9 # -10.6
1 3 3 # 7.9
1 4 2 # -10.9
1 4 4 # -10.9
1 4 11 # -7.9
1 6 6 # -40.5
1 6 10 # -9.9
1 6 13 # -5.7
1 8 6 # -5.7
1 9 1 # -4.3
1 9 10 # 4.6
1 9 11 # -0.2
1 10 4 # -17.8
1 11 11 # -11.3
1 12 1 # 36.4
1 14 6 # -11.2
5 0 6 # 33.6
5 2 2 # -16.6
5 3 9 # 33.6
5 6 10 # 0.1
